:- dynamic bound/1.
bound(10000).
edge(1, 2, 73).
edge(2, 1, 73).
edge(1, 3, 21).
edge(3, 1, 21).
edge(1, 4, 68).
edge(4, 1, 68).
edge(1, 5, 40).
edge(5, 1, 40).
edge(1, 6, 17).
edge(6, 1, 17).
edge(1, 7, 82).
edge(7, 1, 82).
edge(1, 8, 15).
edge(8, 1, 15).
edge(1, 9, 65).
edge(9, 1, 65).
edge(1, 10, 49).
edge(10, 1, 49).
edge(1, 11, 88).
edge(11, 1, 88).
edge(1, 12, 99).
edge(12, 1, 99).
edge(1, 13, 55).
edge(13, 1, 55).
edge(1, 14, 70).
edge(14, 1, 70).
edge(1, 15, 97).
edge(15, 1, 97).
edge(2, 3, 21).
edge(3, 2, 21).
edge(2, 4, 99).
edge(4, 2, 99).
edge(2, 5, 12).
edge(5, 2, 12).
edge(2, 6, 19).
edge(6, 2, 19).
edge(2, 7, 58).
edge(7, 2, 58).
edge(2, 8, 37).
edge(8, 2, 37).
edge(2, 9, 84).
edge(9, 2, 84).
edge(2, 10, 18).
edge(10, 2, 18).
edge(2, 11, 25).
edge(11, 2, 25).
edge(2, 12, 24).
edge(12, 2, 24).
edge(2, 13, 13).
edge(13, 2, 13).
edge(2, 14, 84).
edge(14, 2, 84).
edge(2, 15, 24).
edge(15, 2, 24).
edge(3, 4, 80).
edge(4, 3, 80).
edge(3, 5, 40).
edge(5, 3, 40).
edge(3, 6, 46).
edge(6, 3, 46).
edge(3, 7, 34).
edge(7, 3, 34).
edge(3, 8, 76).
edge(8, 3, 76).
edge(3, 9, 22).
edge(9, 3, 22).
edge(3, 10, 79).
edge(10, 3, 79).
edge(3, 11, 26).
edge(11, 3, 26).
edge(3, 12, 5).
edge(12, 3, 5).
edge(3, 13, 91).
edge(13, 3, 91).
edge(3, 14, 66).
edge(14, 3, 66).
edge(3, 15, 44).
edge(15, 3, 44).
edge(4, 5, 82).
edge(5, 4, 82).
edge(4, 6, 83).
edge(6, 4, 83).
edge(4, 7, 62).
edge(7, 4, 62).
edge(4, 8, 98).
edge(8, 4, 98).
edge(4, 9, 56).
edge(9, 4, 56).
edge(4, 10, 92).
edge(10, 4, 92).
edge(4, 11, 11).
edge(11, 4, 11).
edge(4, 12, 53).
edge(12, 4, 53).
edge(4, 13, 93).
edge(13, 4, 93).
edge(4, 14, 88).
edge(14, 4, 88).
edge(4, 15, 80).
edge(15, 4, 80).
edge(5, 6, 28).
edge(6, 5, 28).
edge(5, 7, 47).
edge(7, 5, 47).
edge(5, 8, 93).
edge(8, 5, 93).
edge(5, 9, 28).
edge(9, 5, 28).
edge(5, 10, 97).
edge(10, 5, 97).
edge(5, 11, 100).
edge(11, 5, 100).
edge(5, 12, 31).
edge(12, 5, 31).
edge(5, 13, 93).
edge(13, 5, 93).
edge(5, 14, 65).
edge(14, 5, 65).
edge(5, 15, 90).
edge(15, 5, 90).
edge(6, 7, 3).
edge(7, 6, 3).
edge(6, 8, 19).
edge(8, 6, 19).
edge(6, 9, 77).
edge(9, 6, 77).
edge(6, 10, 45).
edge(10, 6, 45).
edge(6, 11, 98).
edge(11, 6, 98).
edge(6, 12, 72).
edge(12, 6, 72).
edge(6, 13, 57).
edge(13, 6, 57).
edge(6, 14, 10).
edge(14, 6, 10).
edge(6, 15, 26).
edge(15, 6, 26).
edge(7, 8, 45).
edge(8, 7, 45).
edge(7, 9, 20).
edge(9, 7, 20).
edge(7, 10, 4).
edge(10, 7, 4).
edge(7, 11, 57).
edge(11, 7, 57).
edge(7, 12, 98).
edge(12, 7, 98).
edge(7, 13, 97).
edge(13, 7, 97).
edge(7, 14, 34).
edge(14, 7, 34).
edge(7, 15, 68).
edge(15, 7, 68).
edge(8, 9, 18).
edge(9, 8, 18).
edge(8, 10, 69).
edge(10, 8, 69).
edge(8, 11, 29).
edge(11, 8, 29).
edge(8, 12, 95).
edge(12, 8, 95).
edge(8, 13, 92).
edge(13, 8, 92).
edge(8, 14, 18).
edge(14, 8, 18).
edge(8, 15, 52).
edge(15, 8, 52).
edge(9, 10, 81).
edge(10, 9, 81).
edge(9, 11, 51).
edge(11, 9, 51).
edge(9, 12, 1).
edge(12, 9, 1).
edge(9, 13, 22).
edge(13, 9, 22).
edge(9, 14, 55).
edge(14, 9, 55).
edge(9, 15, 31).
edge(15, 9, 31).
edge(10, 11, 18).
edge(11, 10, 18).
edge(10, 12, 5).
edge(12, 10, 5).
edge(10, 13, 50).
edge(13, 10, 50).
edge(10, 14, 100).
edge(14, 10, 100).
edge(10, 15, 13).
edge(15, 10, 13).
edge(11, 12, 97).
edge(12, 11, 97).
edge(11, 13, 55).
edge(13, 11, 55).
edge(11, 14, 25).
edge(14, 11, 25).
edge(11, 15, 47).
edge(15, 11, 47).
edge(12, 13, 86).
edge(13, 12, 86).
edge(12, 14, 75).
edge(14, 12, 75).
edge(12, 15, 24).
edge(15, 12, 24).
edge(13, 14, 90).
edge(14, 13, 90).
edge(13, 15, 96).
edge(15, 13, 96).
edge(14, 15, 97).
edge(15, 14, 97).
